(kicad_pcb (version 20171130) (host pcbnew 5.0.2-5.fc29)

  (general
    (thickness 1.6)
    (drawings 16)
    (tracks 355)
    (zones 0)
    (modules 45)
    (nets 49)
  )

  (page A4)
  (layers
    (0 Top signal)
    (31 Bottom signal)
    (32 B.Adhes user)
    (33 F.Adhes user)
    (34 B.Paste user)
    (35 F.Paste user)
    (36 B.SilkS user)
    (37 F.SilkS user)
    (38 B.Mask user)
    (39 F.Mask user)
    (40 Dwgs.User user hide)
    (41 Cmts.User user)
    (42 Eco1.User user)
    (43 Eco2.User user)
    (44 Edge.Cuts user)
    (45 Margin user)
    (46 B.CrtYd user)
    (47 F.CrtYd user)
    (48 B.Fab user)
    (49 F.Fab user)
  )

  (setup
    (last_trace_width 0.25)
    (trace_clearance 0.1524)
    (zone_clearance 0.508)
    (zone_45_only no)
    (trace_min 0.1524)
    (segment_width 0.2)
    (edge_width 0.15)
    (via_size 0.8)
    (via_drill 0.4)
    (via_min_size 0.4)
    (via_min_drill 0.254)
    (uvia_size 0.3)
    (uvia_drill 0.1)
    (uvias_allowed no)
    (uvia_min_size 0.2)
    (uvia_min_drill 0.1)
    (pcb_text_width 0.3)
    (pcb_text_size 1.5 1.5)
    (mod_edge_width 0.15)
    (mod_text_size 0.8 0.8)
    (mod_text_width 0.15)
    (pad_size 1.15 1.4)
    (pad_drill 0)
    (pad_to_mask_clearance 0.051)
    (solder_mask_min_width 0.25)
    (aux_axis_origin 0 0)
    (visible_elements FFFFFF7F)
    (pcbplotparams
      (layerselection 0x010fc_ffffffff)
      (usegerberextensions false)
      (usegerberattributes false)
      (usegerberadvancedattributes false)
      (creategerberjobfile false)
      (excludeedgelayer true)
      (linewidth 0.100000)
      (plotframeref false)
      (viasonmask false)
      (mode 1)
      (useauxorigin false)
      (hpglpennumber 1)
      (hpglpenspeed 20)
      (hpglpendiameter 15.000000)
      (psnegative false)
      (psa4output false)
      (plotreference true)
      (plotvalue true)
      (plotinvisibletext false)
      (padsonsilk false)
      (subtractmaskfromsilk false)
      (outputformat 1)
      (mirror false)
      (drillshape 1)
      (scaleselection 1)
      (outputdirectory ""))
  )

  (net 0 "")
  (net 1 GND)
  (net 2 +3.3V)
  (net 3 /I2C1_SDA)
  (net 4 /I2C1_SCL)
  (net 5 "Net-(R14-Pad2)")
  (net 6 "Net-(U3-Pad43)")
  (net 7 /LED_DAP_BLUE)
  (net 8 /LED_COM_GRN)
  (net 9 "Net-(U3-Pad40)")
  (net 10 /SPI1_SCK)
  (net 11 "Net-(U3-Pad38)")
  (net 12 /IF_SWCLK)
  (net 13 /I2C2_SDA)
  (net 14 /I2C2_SCL)
  (net 15 /AIN12_9)
  (net 16 /TGT_NRESET)
  (net 17 /SPI1_MOSI)
  (net 18 /SPI1_MISO)
  (net 19 /TGT_SWCLK)
  (net 20 /SPI1_NSS)
  (net 21 /TGT_TX)
  (net 22 "Net-(R6-Pad1)")
  (net 23 /TGT_SWDIO)
  (net 24 "Net-(U3-Pad28)")
  (net 25 "Net-(U3-Pad29)")
  (net 26 /LED_PWR_RED)
  (net 27 /TGT_SWO)
  (net 28 "Net-(C13-Pad1)")
  (net 29 "Net-(C14-Pad1)")
  (net 30 /IF_SWDIO)
  (net 31 /TGT_RX)
  (net 32 /AIN12_1)
  (net 33 "Net-(R3-Pad2)")
  (net 34 /IF_NRESET)
  (net 35 "Net-(C6-Pad1)")
  (net 36 "Net-(C5-Pad1)")
  (net 37 "Net-(U3-Pad4)")
  (net 38 "Net-(U3-Pad3)")
  (net 39 "Net-(R1-Pad2)")
  (net 40 "Net-(C1-Pad1)")
  (net 41 /TGT_USB_D-)
  (net 42 /TGT_USB_D+)
  (net 43 "Net-(CON4-Pad1)")
  (net 44 "Net-(LED1-Pad2)")
  (net 45 "Net-(LED2-Pad1)")
  (net 46 "Net-(LED3-Pad1)")
  (net 47 "Net-(CON1-Pad4)")
  (net 48 "Net-(CON1-Pad6)")

  (net_class Default "This is the default net class."
    (clearance 0.1524)
    (trace_width 0.25)
    (via_dia 0.8)
    (via_drill 0.4)
    (uvia_dia 0.3)
    (uvia_drill 0.1)
    (add_net +3.3V)
    (add_net /AIN12_1)
    (add_net /AIN12_9)
    (add_net /I2C1_SCL)
    (add_net /I2C1_SDA)
    (add_net /I2C2_SCL)
    (add_net /I2C2_SDA)
    (add_net /IF_NRESET)
    (add_net /IF_SWCLK)
    (add_net /IF_SWDIO)
    (add_net /LED_COM_GRN)
    (add_net /LED_DAP_BLUE)
    (add_net /LED_PWR_RED)
    (add_net /SPI1_MISO)
    (add_net /SPI1_MOSI)
    (add_net /SPI1_NSS)
    (add_net /SPI1_SCK)
    (add_net /TGT_NRESET)
    (add_net /TGT_RX)
    (add_net /TGT_SWCLK)
    (add_net /TGT_SWDIO)
    (add_net /TGT_SWO)
    (add_net /TGT_TX)
    (add_net /TGT_USB_D+)
    (add_net /TGT_USB_D-)
    (add_net GND)
    (add_net "Net-(C1-Pad1)")
    (add_net "Net-(C13-Pad1)")
    (add_net "Net-(C14-Pad1)")
    (add_net "Net-(C5-Pad1)")
    (add_net "Net-(C6-Pad1)")
    (add_net "Net-(CON1-Pad4)")
    (add_net "Net-(CON1-Pad6)")
    (add_net "Net-(CON4-Pad1)")
    (add_net "Net-(LED1-Pad2)")
    (add_net "Net-(LED2-Pad1)")
    (add_net "Net-(LED3-Pad1)")
    (add_net "Net-(R1-Pad2)")
    (add_net "Net-(R14-Pad2)")
    (add_net "Net-(R3-Pad2)")
    (add_net "Net-(R6-Pad1)")
    (add_net "Net-(U3-Pad28)")
    (add_net "Net-(U3-Pad29)")
    (add_net "Net-(U3-Pad3)")
    (add_net "Net-(U3-Pad38)")
    (add_net "Net-(U3-Pad4)")
    (add_net "Net-(U3-Pad40)")
    (add_net "Net-(U3-Pad43)")
  )

  (module STM32-DIPDAP-v1.0.0:SOT223 (layer Top) (tedit 0) (tstamp 5CE3CA65)
    (at 122.375 113.9 90)
    (path /23E9B31BC2DEB937)
    (fp_text reference U2 (at -0.475 3.2 90) (layer F.SilkS)
      (effects (font (size 0.8 0.8) (thickness 0.15)) (justify left bottom))
    )
    (fp_text value TLV1117LV33DCYR (at -2.475 9.425) (layer F.Fab)
      (effects (font (size 0.8 0.8) (thickness 0.15)) (justify right top))
    )
    (fp_line (start -3.3694 4.716) (end -3.3694 1.016) (layer F.SilkS) (width 0.127))
    (fp_line (start 3.3306 4.716) (end -3.3694 4.716) (layer F.SilkS) (width 0.127))
    (fp_line (start 3.3306 1.016) (end 3.3306 4.716) (layer F.SilkS) (width 0.127))
    (fp_line (start -3.3694 1.016) (end 3.3306 1.016) (layer F.SilkS) (width 0.127))
    (pad IN smd rect (at 2.3 5.8 90) (size 0.95 2.15) (layers Top F.Paste F.Mask)
      (net 40 "Net-(C1-Pad1)") (solder_mask_margin 0.1016))
    (pad GND smd rect (at -2.3 5.8 90) (size 0.95 2.15) (layers Top F.Paste F.Mask)
      (net 1 GND) (solder_mask_margin 0.1016))
    (pad "OUT(1)" smd rect (at 0 5.8 90) (size 0.95 2.15) (layers Top F.Paste F.Mask)
      (net 2 +3.3V) (solder_mask_margin 0.1016))
    (pad "OUT(2)" smd rect (at 0 0 90) (size 3.25 2.15) (layers Top F.Paste F.Mask)
      (net 2 +3.3V) (solder_mask_margin 0.1016))
  )

  (module STM32-DIPDAP-v1.0.0:SKRKAEE010 (layer Top) (tedit 0) (tstamp 5CE3CB87)
    (at 153.7 104.35 90)
    (path /9A392703E9E31E47)
    (fp_text reference SW1 (at 1 1.375 90) (layer F.SilkS)
      (effects (font (size 0.8 0.8) (thickness 0.15)) (justify right top))
    )
    (fp_text value SKRKAEE010 (at 0 0 90) (layer F.SilkS) hide
      (effects (font (size 0.8 0.8) (thickness 0.15)) (justify right top))
    )
    (fp_line (start -1.5 1.1) (end -1.5 -1.1) (layer F.SilkS) (width 0.1))
    (fp_line (start 1.5 1.1) (end -1.5 1.1) (layer F.SilkS) (width 0.1))
    (fp_line (start 1.5 -1.1) (end 1.5 1.1) (layer F.SilkS) (width 0.1))
    (fp_line (start -1.5 -1.1) (end 1.5 -1.1) (layer F.SilkS) (width 0.1))
    (pad P$2 smd rect (at 2.1 0 90) (size 0.8 2) (layers Top F.Paste F.Mask)
      (net 1 GND) (solder_mask_margin 0.1016))
    (pad P$1 smd rect (at -2.1 0 90) (size 0.8 2) (layers Top F.Paste F.Mask)
      (net 16 /TGT_NRESET) (solder_mask_margin 0.1016))
  )

  (module STM32-DIPDAP-v1.0.0:TP07R (layer Top) (tedit 5CCBC7A7) (tstamp 5CD886E6)
    (at 150.15 104.775)
    (descr "<b>TEST PAD</b>")
    (path /23AD0592E5F42BB8)
    (fp_text reference TP1 (at -0.3 -0.4001) (layer F.SilkS) hide
      (effects (font (size 0.8 0.8) (thickness 0.15)) (justify left bottom))
    )
    (fp_text value PTR1TP07R (at -0.254 0.508) (layer F.Fab)
      (effects (font (size 0.8 0.8) (thickness 0.15)) (justify left bottom))
    )
    (fp_text user >TP_SIGNAL_NAME (at 0 1.905) (layer Dwgs.User)
      (effects (font (size 0.8 0.8) (thickness 0.15)) (justify left bottom))
    )
    (pad TP smd roundrect (at 0 0) (size 0.7 0.7) (layers Top F.Mask) (roundrect_rratio 0.5)
      (net 15 /AIN12_9) (solder_mask_margin 0.1016))
  )

  (module STM32-DIPDAP-v1.0.0:TP07R (layer Top) (tedit 0) (tstamp 5CD886D7)
    (at 148.1 108.75)
    (descr "<b>TEST PAD</b>")
    (path /E74EB8BB93FB0C53)
    (fp_text reference TP2 (at -0.3 -0.4001) (layer F.SilkS) hide
      (effects (font (size 0.8 0.8) (thickness 0.15)) (justify left bottom))
    )
    (fp_text value PTR1TP07R (at -0.254 0.508) (layer F.Fab)
      (effects (font (size 0.8 0.8) (thickness 0.15)) (justify left bottom))
    )
    (fp_text user >TP_SIGNAL_NAME (at 0 1.905) (layer Dwgs.User)
      (effects (font (size 0.8 0.8) (thickness 0.15)) (justify left bottom))
    )
    (pad TP smd roundrect (at 0 0) (size 0.7 0.7) (layers Top F.Mask) (roundrect_rratio 0.5)
      (net 32 /AIN12_1) (solder_mask_margin 0.1016))
  )

  (module STM32-DIPDAP-v1.0.0:TP07R (layer Top) (tedit 0) (tstamp 5CD886F5)
    (at 135.7271 107.8096)
    (descr "<b>TEST PAD</b>")
    (path /584DF611AF7E6EF2)
    (fp_text reference TP3 (at -0.3 -0.4001) (layer F.SilkS) hide
      (effects (font (size 0.8 0.8) (thickness 0.15)) (justify left bottom))
    )
    (fp_text value PTR1TP07R (at -0.254 0.508) (layer F.Fab)
      (effects (font (size 0.8 0.8) (thickness 0.15)) (justify left bottom))
    )
    (fp_text user >TP_SIGNAL_NAME (at 0 1.905) (layer Dwgs.User)
      (effects (font (size 0.8 0.8) (thickness 0.15)) (justify left bottom))
    )
    (pad TP smd roundrect (at 0 0) (size 0.7 0.7) (layers Top F.Mask) (roundrect_rratio 0.5)
      (net 3 /I2C1_SDA) (solder_mask_margin 0.1016))
  )

  (module STM32-DIPDAP-v1.0.0:TP07R (layer Top) (tedit 0) (tstamp 5CD885D8)
    (at 134.0761 107.8096)
    (descr "<b>TEST PAD</b>")
    (path /42A89C514B4E01D4)
    (fp_text reference TP4 (at -0.3 -0.4001) (layer F.SilkS) hide
      (effects (font (size 0.8 0.8) (thickness 0.15)) (justify left bottom))
    )
    (fp_text value PTR1TP07R (at -0.254 0.508) (layer F.Fab)
      (effects (font (size 0.8 0.8) (thickness 0.15)) (justify left bottom))
    )
    (fp_text user >TP_SIGNAL_NAME (at 0 1.905) (layer Dwgs.User)
      (effects (font (size 0.8 0.8) (thickness 0.15)) (justify left bottom))
    )
    (pad TP smd roundrect (at 0 0) (size 0.7 0.7) (layers Top F.Mask) (roundrect_rratio 0.5)
      (net 4 /I2C1_SCL) (solder_mask_margin 0.1016))
  )

  (module STM32-DIPDAP-v1.0.0:TP07R (layer Top) (tedit 0) (tstamp 5CD88416)
    (at 148.15 107.3)
    (descr "<b>TEST PAD</b>")
    (path /73A8DA4B995FED16)
    (fp_text reference TP5 (at -0.3 -0.4001) (layer F.SilkS) hide
      (effects (font (size 0.8 0.8) (thickness 0.15)) (justify left bottom))
    )
    (fp_text value PTR1TP07R (at -0.254 0.508) (layer F.Fab)
      (effects (font (size 0.8 0.8) (thickness 0.15)) (justify left bottom))
    )
    (fp_text user >TP_SIGNAL_NAME (at 0 1.905) (layer Dwgs.User)
      (effects (font (size 0.8 0.8) (thickness 0.15)) (justify left bottom))
    )
    (pad TP smd roundrect (at 0 0) (size 0.7 0.7) (layers Top F.Mask) (roundrect_rratio 0.5)
      (net 20 /SPI1_NSS) (solder_mask_margin 0.1016))
  )

  (module STM32-DIPDAP-v1.0.0:TP07R (layer Top) (tedit 0) (tstamp 5CD88389)
    (at 135.7271 103.4916)
    (descr "<b>TEST PAD</b>")
    (path /DD98622291487DA1)
    (fp_text reference TP6 (at -0.3 -0.4001) (layer F.SilkS) hide
      (effects (font (size 0.8 0.8) (thickness 0.15)) (justify left bottom))
    )
    (fp_text value PTR1TP07R (at -0.254 0.508) (layer F.Fab)
      (effects (font (size 0.8 0.8) (thickness 0.15)) (justify left bottom))
    )
    (fp_text user >TP_SIGNAL_NAME (at 0 1.905) (layer Dwgs.User)
      (effects (font (size 0.8 0.8) (thickness 0.15)) (justify left bottom))
    )
    (pad TP smd roundrect (at 0 0) (size 0.7 0.7) (layers Top F.Mask) (roundrect_rratio 0.5)
      (net 10 /SPI1_SCK) (solder_mask_margin 0.1016))
  )

  (module STM32-DIPDAP-v1.0.0:TP07R (layer Top) (tedit 0) (tstamp 5CD88398)
    (at 150.5 106.675)
    (descr "<b>TEST PAD</b>")
    (path /F37B28B1FBB8F26C)
    (fp_text reference TP7 (at -0.3 -0.4001) (layer F.SilkS) hide
      (effects (font (size 0.8 0.8) (thickness 0.15)) (justify left bottom))
    )
    (fp_text value PTR1TP07R (at -0.254 0.508) (layer F.Fab)
      (effects (font (size 0.8 0.8) (thickness 0.15)) (justify left bottom))
    )
    (fp_text user >TP_SIGNAL_NAME (at 0 1.905) (layer Dwgs.User)
      (effects (font (size 0.8 0.8) (thickness 0.15)) (justify left bottom))
    )
    (pad TP smd roundrect (at 0 0) (size 0.7 0.7) (layers Top F.Mask) (roundrect_rratio 0.5)
      (net 17 /SPI1_MOSI) (solder_mask_margin 0.1016))
  )

  (module STM32-DIPDAP-v1.0.0:TP07R (layer Top) (tedit 0) (tstamp 5CD88407)
    (at 149.35 106.675)
    (descr "<b>TEST PAD</b>")
    (path /3EDCF93E6613F206)
    (fp_text reference TP8 (at -0.3 -0.4001) (layer F.SilkS) hide
      (effects (font (size 0.8 0.8) (thickness 0.15)) (justify left bottom))
    )
    (fp_text value PTR1TP07R (at -0.254 0.508) (layer F.Fab)
      (effects (font (size 0.8 0.8) (thickness 0.15)) (justify left bottom))
    )
    (fp_text user >TP_SIGNAL_NAME (at 0 1.905) (layer Dwgs.User)
      (effects (font (size 0.8 0.8) (thickness 0.15)) (justify left bottom))
    )
    (pad TP smd roundrect (at 0 0) (size 0.7 0.7) (layers Top F.Mask) (roundrect_rratio 0.5)
      (net 18 /SPI1_MISO) (solder_mask_margin 0.1016))
  )

  (module Capacitor_SMD:C_0805_2012Metric_Pad1.15x1.40mm_HandSolder (layer Top) (tedit 5CCBEA6D) (tstamp 5CD84DB5)
    (at 130.45 109.275)
    (descr "Capacitor SMD 0805 (2012 Metric), square (rectangular) end terminal, IPC_7351 nominal with elongated pad for handsoldering. (Body size source: https://docs.google.com/spreadsheets/d/1BsfQQcO9C6DZCsRaXUlFlo91Tg2WpOkGARC1WS5S8t0/edit?usp=sharing), generated with kicad-footprint-generator")
    (tags "capacitor handsolder")
    (path /676FA0053E9ECBAC)
    (attr smd)
    (fp_text reference C1 (at -0.05 1.475) (layer F.SilkS)
      (effects (font (size 0.8 0.8) (thickness 0.15)))
    )
    (fp_text value 100nF (at 1.025 2.275) (layer F.SilkS)
      (effects (font (size 0.8 0.8) (thickness 0.15)))
    )
    (fp_line (start -1 0.6) (end -1 -0.6) (layer F.Fab) (width 0.1))
    (fp_line (start -1 -0.6) (end 1 -0.6) (layer F.Fab) (width 0.1))
    (fp_line (start 1 -0.6) (end 1 0.6) (layer F.Fab) (width 0.1))
    (fp_line (start 1 0.6) (end -1 0.6) (layer F.Fab) (width 0.1))
    (fp_line (start -0.261252 -0.71) (end 0.261252 -0.71) (layer F.SilkS) (width 0.12))
    (fp_line (start -0.261252 0.71) (end 0.261252 0.71) (layer F.SilkS) (width 0.12))
    (fp_line (start -1.85 0.95) (end -1.85 -0.95) (layer F.CrtYd) (width 0.05))
    (fp_line (start -1.85 -0.95) (end 1.85 -0.95) (layer F.CrtYd) (width 0.05))
    (fp_line (start 1.85 -0.95) (end 1.85 0.95) (layer F.CrtYd) (width 0.05))
    (fp_line (start 1.85 0.95) (end -1.85 0.95) (layer F.CrtYd) (width 0.05))
    (fp_text user %R (at 0 0) (layer F.Fab)
      (effects (font (size 0.8 0.8) (thickness 0.15)))
    )
    (pad 1 smd roundrect (at -1.025 0) (size 1.15 1.4) (layers Top F.Paste F.Mask) (roundrect_rratio 0.217391)
      (net 40 "Net-(C1-Pad1)"))
    (pad 2 smd roundrect (at 1.025 0) (size 1.15 1.4) (layers Top F.Paste F.Mask) (roundrect_rratio 0.217391)
      (net 1 GND))
    (model ${KISYS3DMOD}/Capacitor_SMD.3dshapes/C_0805_2012Metric.wrl
      (at (xyz 0 0 0))
      (scale (xyz 1 1 1))
      (rotate (xyz 0 0 0))
    )
  )

  (module Capacitor_SMD:C_0603_1608Metric_Pad1.05x0.95mm_HandSolder (layer Top) (tedit 5CCBEB22) (tstamp 5CD84DC5)
    (at 130.65 106.975)
    (descr "Capacitor SMD 0603 (1608 Metric), square (rectangular) end terminal, IPC_7351 nominal with elongated pad for handsoldering. (Body size source: http://www.tortai-tech.com/upload/download/2011102023233369053.pdf), generated with kicad-footprint-generator")
    (tags "capacitor handsolder")
    (path /A437799099D41F3B)
    (attr smd)
    (fp_text reference C2 (at 2.025 1.075) (layer F.SilkS)
      (effects (font (size 0.8 0.8) (thickness 0.15)))
    )
    (fp_text value 10uF (at -0.2 0.975) (layer F.SilkS)
      (effects (font (size 0.6 0.6) (thickness 0.15)))
    )
    (fp_text user %R (at -0.15 -0.225) (layer F.Fab)
      (effects (font (size 0.8 0.8) (thickness 0.15)))
    )
    (fp_line (start 1.65 0.73) (end -1.65 0.73) (layer F.CrtYd) (width 0.05))
    (fp_line (start 1.65 -0.73) (end 1.65 0.73) (layer F.CrtYd) (width 0.05))
    (fp_line (start -1.65 -0.73) (end 1.65 -0.73) (layer F.CrtYd) (width 0.05))
    (fp_line (start -1.65 0.73) (end -1.65 -0.73) (layer F.CrtYd) (width 0.05))
    (fp_line (start -0.171267 0.51) (end 0.171267 0.51) (layer F.SilkS) (width 0.12))
    (fp_line (start -0.171267 -0.51) (end 0.171267 -0.51) (layer F.SilkS) (width 0.12))
    (fp_line (start 0.8 0.4) (end -0.8 0.4) (layer F.Fab) (width 0.1))
    (fp_line (start 0.8 -0.4) (end 0.8 0.4) (layer F.Fab) (width 0.1))
    (fp_line (start -0.8 -0.4) (end 0.8 -0.4) (layer F.Fab) (width 0.1))
    (fp_line (start -0.8 0.4) (end -0.8 -0.4) (layer F.Fab) (width 0.1))
    (pad 2 smd roundrect (at 0.875 0) (size 1.05 0.95) (layers Top F.Paste F.Mask) (roundrect_rratio 0.25)
      (net 1 GND))
    (pad 1 smd roundrect (at -0.875 0) (size 1.05 0.95) (layers Top F.Paste F.Mask) (roundrect_rratio 0.25)
      (net 40 "Net-(C1-Pad1)"))
    (model ${KISYS3DMOD}/Capacitor_SMD.3dshapes/C_0603_1608Metric.wrl
      (at (xyz 0 0 0))
      (scale (xyz 1 1 1))
      (rotate (xyz 0 0 0))
    )
  )

  (module Capacitor_SMD:C_0805_2012Metric_Pad1.15x1.40mm_HandSolder (layer Top) (tedit 5B36C52B) (tstamp 5CD84DD5)
    (at 130.45 99.175)
    (descr "Capacitor SMD 0805 (2012 Metric), square (rectangular) end terminal, IPC_7351 nominal with elongated pad for handsoldering. (Body size source: https://docs.google.com/spreadsheets/d/1BsfQQcO9C6DZCsRaXUlFlo91Tg2WpOkGARC1WS5S8t0/edit?usp=sharing), generated with kicad-footprint-generator")
    (tags "capacitor handsolder")
    (path /F8B16F2E15F46D77)
    (attr smd)
    (fp_text reference C3 (at 2.475 0.15) (layer F.SilkS)
      (effects (font (size 0.8 0.8) (thickness 0.15)))
    )
    (fp_text value 100nF (at 0 1.65) (layer F.Fab)
      (effects (font (size 0.8 0.8) (thickness 0.15)))
    )
    (fp_line (start -1 0.6) (end -1 -0.6) (layer F.Fab) (width 0.1))
    (fp_line (start -1 -0.6) (end 1 -0.6) (layer F.Fab) (width 0.1))
    (fp_line (start 1 -0.6) (end 1 0.6) (layer F.Fab) (width 0.1))
    (fp_line (start 1 0.6) (end -1 0.6) (layer F.Fab) (width 0.1))
    (fp_line (start -0.261252 -0.71) (end 0.261252 -0.71) (layer F.SilkS) (width 0.12))
    (fp_line (start -0.261252 0.71) (end 0.261252 0.71) (layer F.SilkS) (width 0.12))
    (fp_line (start -1.85 0.95) (end -1.85 -0.95) (layer F.CrtYd) (width 0.05))
    (fp_line (start -1.85 -0.95) (end 1.85 -0.95) (layer F.CrtYd) (width 0.05))
    (fp_line (start 1.85 -0.95) (end 1.85 0.95) (layer F.CrtYd) (width 0.05))
    (fp_line (start 1.85 0.95) (end -1.85 0.95) (layer F.CrtYd) (width 0.05))
    (fp_text user %R (at 0 0) (layer F.Fab)
      (effects (font (size 0.8 0.8) (thickness 0.15)))
    )
    (pad 1 smd roundrect (at -1.025 0) (size 1.15 1.4) (layers Top F.Paste F.Mask) (roundrect_rratio 0.217391)
      (net 2 +3.3V))
    (pad 2 smd roundrect (at 1.025 0) (size 1.15 1.4) (layers Top F.Paste F.Mask) (roundrect_rratio 0.217391)
      (net 1 GND))
    (model ${KISYS3DMOD}/Capacitor_SMD.3dshapes/C_0805_2012Metric.wrl
      (at (xyz 0 0 0))
      (scale (xyz 1 1 1))
      (rotate (xyz 0 0 0))
    )
  )

  (module Capacitor_SMD:C_0603_1608Metric_Pad1.05x0.95mm_HandSolder (layer Top) (tedit 5CCBEB42) (tstamp 5CD84DE5)
    (at 130.65 103.175)
    (descr "Capacitor SMD 0603 (1608 Metric), square (rectangular) end terminal, IPC_7351 nominal with elongated pad for handsoldering. (Body size source: http://www.tortai-tech.com/upload/download/2011102023233369053.pdf), generated with kicad-footprint-generator")
    (tags "capacitor handsolder")
    (path /5CC009DAD8933479)
    (attr smd)
    (fp_text reference C4 (at 4.125 0.85) (layer F.SilkS)
      (effects (font (size 0.8 0.8) (thickness 0.15)))
    )
    (fp_text value 10uF (at 2.375 0.7) (layer F.SilkS)
      (effects (font (size 0.6 0.6) (thickness 0.15)))
    )
    (fp_line (start -0.8 0.4) (end -0.8 -0.4) (layer F.Fab) (width 0.1))
    (fp_line (start -0.8 -0.4) (end 0.8 -0.4) (layer F.Fab) (width 0.1))
    (fp_line (start 0.8 -0.4) (end 0.8 0.4) (layer F.Fab) (width 0.1))
    (fp_line (start 0.8 0.4) (end -0.8 0.4) (layer F.Fab) (width 0.1))
    (fp_line (start -0.171267 -0.51) (end 0.171267 -0.51) (layer F.SilkS) (width 0.12))
    (fp_line (start -0.171267 0.51) (end 0.171267 0.51) (layer F.SilkS) (width 0.12))
    (fp_line (start -1.65 0.73) (end -1.65 -0.73) (layer F.CrtYd) (width 0.05))
    (fp_line (start -1.65 -0.73) (end 1.65 -0.73) (layer F.CrtYd) (width 0.05))
    (fp_line (start 1.65 -0.73) (end 1.65 0.73) (layer F.CrtYd) (width 0.05))
    (fp_line (start 1.65 0.73) (end -1.65 0.73) (layer F.CrtYd) (width 0.05))
    (fp_text user %R (at 0 0) (layer F.Fab)
      (effects (font (size 0.8 0.8) (thickness 0.15)))
    )
    (pad 1 smd roundrect (at -0.875 0) (size 1.05 0.95) (layers Top F.Paste F.Mask) (roundrect_rratio 0.25)
      (net 2 +3.3V))
    (pad 2 smd roundrect (at 0.875 0) (size 1.05 0.95) (layers Top F.Paste F.Mask) (roundrect_rratio 0.25)
      (net 1 GND))
    (model ${KISYS3DMOD}/Capacitor_SMD.3dshapes/C_0603_1608Metric.wrl
      (at (xyz 0 0 0))
      (scale (xyz 1 1 1))
      (rotate (xyz 0 0 0))
    )
  )

  (module Capacitor_SMD:C_0603_1608Metric_Pad1.05x0.95mm_HandSolder (layer Top) (tedit 5B301BBE) (tstamp 5CD8DC8F)
    (at 140.9 112.925 270)
    (descr "Capacitor SMD 0603 (1608 Metric), square (rectangular) end terminal, IPC_7351 nominal with elongated pad for handsoldering. (Body size source: http://www.tortai-tech.com/upload/download/2011102023233369053.pdf), generated with kicad-footprint-generator")
    (tags "capacitor handsolder")
    (path /128FB04B6CD517BA)
    (attr smd)
    (fp_text reference C5 (at -1.625 -1.275 270) (layer F.SilkS)
      (effects (font (size 0.8 0.8) (thickness 0.15)))
    )
    (fp_text value 22pF (at 0 1.43 270) (layer F.Fab)
      (effects (font (size 0.8 0.8) (thickness 0.15)))
    )
    (fp_text user %R (at 0 0 270) (layer F.Fab)
      (effects (font (size 0.8 0.8) (thickness 0.15)))
    )
    (fp_line (start 1.65 0.73) (end -1.65 0.73) (layer F.CrtYd) (width 0.05))
    (fp_line (start 1.65 -0.73) (end 1.65 0.73) (layer F.CrtYd) (width 0.05))
    (fp_line (start -1.65 -0.73) (end 1.65 -0.73) (layer F.CrtYd) (width 0.05))
    (fp_line (start -1.65 0.73) (end -1.65 -0.73) (layer F.CrtYd) (width 0.05))
    (fp_line (start -0.171267 0.51) (end 0.171267 0.51) (layer F.SilkS) (width 0.12))
    (fp_line (start -0.171267 -0.51) (end 0.171267 -0.51) (layer F.SilkS) (width 0.12))
    (fp_line (start 0.8 0.4) (end -0.8 0.4) (layer F.Fab) (width 0.1))
    (fp_line (start 0.8 -0.4) (end 0.8 0.4) (layer F.Fab) (width 0.1))
    (fp_line (start -0.8 -0.4) (end 0.8 -0.4) (layer F.Fab) (width 0.1))
    (fp_line (start -0.8 0.4) (end -0.8 -0.4) (layer F.Fab) (width 0.1))
    (pad 2 smd roundrect (at 0.875 0 270) (size 1.05 0.95) (layers Top F.Paste F.Mask) (roundrect_rratio 0.25)
      (net 1 GND))
    (pad 1 smd roundrect (at -0.875 0 270) (size 1.05 0.95) (layers Top F.Paste F.Mask) (roundrect_rratio 0.25)
      (net 36 "Net-(C5-Pad1)"))
    (model ${KISYS3DMOD}/Capacitor_SMD.3dshapes/C_0603_1608Metric.wrl
      (at (xyz 0 0 0))
      (scale (xyz 1 1 1))
      (rotate (xyz 0 0 0))
    )
  )

  (module Capacitor_SMD:C_0603_1608Metric_Pad1.05x0.95mm_HandSolder (layer Top) (tedit 5CCBE9C0) (tstamp 5CD84E05)
    (at 143.275 112.925 270)
    (descr "Capacitor SMD 0603 (1608 Metric), square (rectangular) end terminal, IPC_7351 nominal with elongated pad for handsoldering. (Body size source: http://www.tortai-tech.com/upload/download/2011102023233369053.pdf), generated with kicad-footprint-generator")
    (tags "capacitor handsolder")
    (path /68805C4E6BA15314)
    (attr smd)
    (fp_text reference C6 (at -1.65 -0.75 270) (layer F.SilkS)
      (effects (font (size 0.8 0.8) (thickness 0.15)))
    )
    (fp_text value 22pF (at 2.2 1.325) (layer F.SilkS)
      (effects (font (size 0.8 0.8) (thickness 0.15)))
    )
    (fp_line (start -0.8 0.4) (end -0.8 -0.4) (layer F.Fab) (width 0.1))
    (fp_line (start -0.8 -0.4) (end 0.8 -0.4) (layer F.Fab) (width 0.1))
    (fp_line (start 0.8 -0.4) (end 0.8 0.4) (layer F.Fab) (width 0.1))
    (fp_line (start 0.8 0.4) (end -0.8 0.4) (layer F.Fab) (width 0.1))
    (fp_line (start -0.171267 -0.51) (end 0.171267 -0.51) (layer F.SilkS) (width 0.12))
    (fp_line (start -0.171267 0.51) (end 0.171267 0.51) (layer F.SilkS) (width 0.12))
    (fp_line (start -1.65 0.73) (end -1.65 -0.73) (layer F.CrtYd) (width 0.05))
    (fp_line (start -1.65 -0.73) (end 1.65 -0.73) (layer F.CrtYd) (width 0.05))
    (fp_line (start 1.65 -0.73) (end 1.65 0.73) (layer F.CrtYd) (width 0.05))
    (fp_line (start 1.65 0.73) (end -1.65 0.73) (layer F.CrtYd) (width 0.05))
    (fp_text user %R (at 0 0 270) (layer F.Fab)
      (effects (font (size 0.8 0.8) (thickness 0.15)))
    )
    (pad 1 smd roundrect (at -0.875 0 270) (size 1.05 0.95) (layers Top F.Paste F.Mask) (roundrect_rratio 0.25)
      (net 35 "Net-(C6-Pad1)"))
    (pad 2 smd roundrect (at 0.875 0 270) (size 1.05 0.95) (layers Top F.Paste F.Mask) (roundrect_rratio 0.25)
      (net 1 GND))
    (model ${KISYS3DMOD}/Capacitor_SMD.3dshapes/C_0603_1608Metric.wrl
      (at (xyz 0 0 0))
      (scale (xyz 1 1 1))
      (rotate (xyz 0 0 0))
    )
  )

  (module Capacitor_SMD:C_0805_2012Metric_Pad1.15x1.40mm_HandSolder (layer Top) (tedit 5CCBE96A) (tstamp 5CD84E15)
    (at 146.575 116.175 180)
    (descr "Capacitor SMD 0805 (2012 Metric), square (rectangular) end terminal, IPC_7351 nominal with elongated pad for handsoldering. (Body size source: https://docs.google.com/spreadsheets/d/1BsfQQcO9C6DZCsRaXUlFlo91Tg2WpOkGARC1WS5S8t0/edit?usp=sharing), generated with kicad-footprint-generator")
    (tags "capacitor handsolder")
    (path /EBEB2313A6F2A611)
    (attr smd)
    (fp_text reference C7 (at 2.7 -0.35 180) (layer F.SilkS)
      (effects (font (size 0.8 0.8) (thickness 0.15)))
    )
    (fp_text value 100nF (at -0.275 -1.1 180) (layer F.SilkS)
      (effects (font (size 0.6 0.6) (thickness 0.15)))
    )
    (fp_text user %R (at 0 0 180) (layer F.Fab)
      (effects (font (size 0.8 0.8) (thickness 0.15)))
    )
    (fp_line (start 1.85 0.95) (end -1.85 0.95) (layer F.CrtYd) (width 0.05))
    (fp_line (start 1.85 -0.95) (end 1.85 0.95) (layer F.CrtYd) (width 0.05))
    (fp_line (start -1.85 -0.95) (end 1.85 -0.95) (layer F.CrtYd) (width 0.05))
    (fp_line (start -1.85 0.95) (end -1.85 -0.95) (layer F.CrtYd) (width 0.05))
    (fp_line (start -0.261252 0.71) (end 0.261252 0.71) (layer F.SilkS) (width 0.12))
    (fp_line (start -0.261252 -0.71) (end 0.261252 -0.71) (layer F.SilkS) (width 0.12))
    (fp_line (start 1 0.6) (end -1 0.6) (layer F.Fab) (width 0.1))
    (fp_line (start 1 -0.6) (end 1 0.6) (layer F.Fab) (width 0.1))
    (fp_line (start -1 -0.6) (end 1 -0.6) (layer F.Fab) (width 0.1))
    (fp_line (start -1 0.6) (end -1 -0.6) (layer F.Fab) (width 0.1))
    (pad 2 smd roundrect (at 1.025 0 180) (size 1.15 1.4) (layers Top F.Paste F.Mask) (roundrect_rratio 0.217391)
      (net 1 GND))
    (pad 1 smd roundrect (at -1.025 0 180) (size 1.15 1.4) (layers Top F.Paste F.Mask) (roundrect_rratio 0.217391)
      (net 34 /IF_NRESET))
    (model ${KISYS3DMOD}/Capacitor_SMD.3dshapes/C_0805_2012Metric.wrl
      (at (xyz 0 0 0))
      (scale (xyz 1 1 1))
      (rotate (xyz 0 0 0))
    )
  )

  (module Capacitor_SMD:C_0805_2012Metric_Pad1.15x1.40mm_HandSolder (layer Top) (tedit 5CCBE9F0) (tstamp 5CD883E2)
    (at 136.1081 110.3496 270)
    (descr "Capacitor SMD 0805 (2012 Metric), square (rectangular) end terminal, IPC_7351 nominal with elongated pad for handsoldering. (Body size source: https://docs.google.com/spreadsheets/d/1BsfQQcO9C6DZCsRaXUlFlo91Tg2WpOkGARC1WS5S8t0/edit?usp=sharing), generated with kicad-footprint-generator")
    (tags "capacitor handsolder")
    (path /5FFCE8047D0E483A)
    (attr smd)
    (fp_text reference C8 (at 0 -1.65 270) (layer F.SilkS)
      (effects (font (size 0.8 0.8) (thickness 0.15)))
    )
    (fp_text value 100nF (at 0 1.65 270) (layer F.SilkS)
      (effects (font (size 0.8 0.8) (thickness 0.15)))
    )
    (fp_line (start -1 0.6) (end -1 -0.6) (layer F.Fab) (width 0.1))
    (fp_line (start -1 -0.6) (end 1 -0.6) (layer F.Fab) (width 0.1))
    (fp_line (start 1 -0.6) (end 1 0.6) (layer F.Fab) (width 0.1))
    (fp_line (start 1 0.6) (end -1 0.6) (layer F.Fab) (width 0.1))
    (fp_line (start -0.261252 -0.71) (end 0.261252 -0.71) (layer F.SilkS) (width 0.12))
    (fp_line (start -0.261252 0.71) (end 0.261252 0.71) (layer F.SilkS) (width 0.12))
    (fp_line (start -1.85 0.95) (end -1.85 -0.95) (layer F.CrtYd) (width 0.05))
    (fp_line (start -1.85 -0.95) (end 1.85 -0.95) (layer F.CrtYd) (width 0.05))
    (fp_line (start 1.85 -0.95) (end 1.85 0.95) (layer F.CrtYd) (width 0.05))
    (fp_line (start 1.85 0.95) (end -1.85 0.95) (layer F.CrtYd) (width 0.05))
    (fp_text user %R (at 0 0 270) (layer F.Fab)
      (effects (font (size 0.8 0.8) (thickness 0.15)))
    )
    (pad 1 smd roundrect (at -1.025 0 270) (size 1.15 1.4) (layers Top F.Paste F.Mask) (roundrect_rratio 0.217391)
      (net 2 +3.3V))
    (pad 2 smd roundrect (at 1.025 0 270) (size 1.15 1.4) (layers Top F.Paste F.Mask) (roundrect_rratio 0.217391)
      (net 1 GND))
    (model ${KISYS3DMOD}/Capacitor_SMD.3dshapes/C_0805_2012Metric.wrl
      (at (xyz 0 0 0))
      (scale (xyz 1 1 1))
      (rotate (xyz 0 0 0))
    )
  )

  (module Capacitor_SMD:C_0805_2012Metric_Pad1.15x1.40mm_HandSolder (layer Top) (tedit 5B36C52B) (tstamp 5CD84E35)
    (at 145.125 113.125 270)
    (descr "Capacitor SMD 0805 (2012 Metric), square (rectangular) end terminal, IPC_7351 nominal with elongated pad for handsoldering. (Body size source: https://docs.google.com/spreadsheets/d/1BsfQQcO9C6DZCsRaXUlFlo91Tg2WpOkGARC1WS5S8t0/edit?usp=sharing), generated with kicad-footprint-generator")
    (tags "capacitor handsolder")
    (path /2B9EDA2C38F91BEE)
    (attr smd)
    (fp_text reference C9 (at -2.4 -0.5 270) (layer F.SilkS)
      (effects (font (size 0.8 0.8) (thickness 0.15)))
    )
    (fp_text value 100nF (at 0.55 -1.35 90) (layer F.Fab)
      (effects (font (size 0.8 0.8) (thickness 0.15)))
    )
    (fp_text user %R (at 0 0 270) (layer F.Fab)
      (effects (font (size 0.8 0.8) (thickness 0.15)))
    )
    (fp_line (start 1.85 0.95) (end -1.85 0.95) (layer F.CrtYd) (width 0.05))
    (fp_line (start 1.85 -0.95) (end 1.85 0.95) (layer F.CrtYd) (width 0.05))
    (fp_line (start -1.85 -0.95) (end 1.85 -0.95) (layer F.CrtYd) (width 0.05))
    (fp_line (start -1.85 0.95) (end -1.85 -0.95) (layer F.CrtYd) (width 0.05))
    (fp_line (start -0.261252 0.71) (end 0.261252 0.71) (layer F.SilkS) (width 0.12))
    (fp_line (start -0.261252 -0.71) (end 0.261252 -0.71) (layer F.SilkS) (width 0.12))
    (fp_line (start 1 0.6) (end -1 0.6) (layer F.Fab) (width 0.1))
    (fp_line (start 1 -0.6) (end 1 0.6) (layer F.Fab) (width 0.1))
    (fp_line (start -1 -0.6) (end 1 -0.6) (layer F.Fab) (width 0.1))
    (fp_line (start -1 0.6) (end -1 -0.6) (layer F.Fab) (width 0.1))
    (pad 2 smd roundrect (at 1.025 0 270) (size 1.15 1.4) (layers Top F.Paste F.Mask) (roundrect_rratio 0.217391)
      (net 1 GND))
    (pad 1 smd roundrect (at -1.025 0 270) (size 1.15 1.4) (layers Top F.Paste F.Mask) (roundrect_rratio 0.217391)
      (net 2 +3.3V))
    (model ${KISYS3DMOD}/Capacitor_SMD.3dshapes/C_0805_2012Metric.wrl
      (at (xyz 0 0 0))
      (scale (xyz 1 1 1))
      (rotate (xyz 0 0 0))
    )
  )

  (module Capacitor_SMD:C_0805_2012Metric_Pad1.15x1.40mm_HandSolder (layer Top) (tedit 5B36C52B) (tstamp 5CD88430)
    (at 149.1891 101.5866 90)
    (descr "Capacitor SMD 0805 (2012 Metric), square (rectangular) end terminal, IPC_7351 nominal with elongated pad for handsoldering. (Body size source: https://docs.google.com/spreadsheets/d/1BsfQQcO9C6DZCsRaXUlFlo91Tg2WpOkGARC1WS5S8t0/edit?usp=sharing), generated with kicad-footprint-generator")
    (tags "capacitor handsolder")
    (path /6596D776A08A9EE1)
    (attr smd)
    (fp_text reference C10 (at 0 -1.65 90) (layer F.SilkS)
      (effects (font (size 0.8 0.8) (thickness 0.15)))
    )
    (fp_text value 100nF (at -0.5884 1.3609 90) (layer F.Fab)
      (effects (font (size 0.8 0.8) (thickness 0.15)))
    )
    (fp_text user %R (at 0 0 90) (layer F.Fab)
      (effects (font (size 0.8 0.8) (thickness 0.15)))
    )
    (fp_line (start 1.85 0.95) (end -1.85 0.95) (layer F.CrtYd) (width 0.05))
    (fp_line (start 1.85 -0.95) (end 1.85 0.95) (layer F.CrtYd) (width 0.05))
    (fp_line (start -1.85 -0.95) (end 1.85 -0.95) (layer F.CrtYd) (width 0.05))
    (fp_line (start -1.85 0.95) (end -1.85 -0.95) (layer F.CrtYd) (width 0.05))
    (fp_line (start -0.261252 0.71) (end 0.261252 0.71) (layer F.SilkS) (width 0.12))
    (fp_line (start -0.261252 -0.71) (end 0.261252 -0.71) (layer F.SilkS) (width 0.12))
    (fp_line (start 1 0.6) (end -1 0.6) (layer F.Fab) (width 0.1))
    (fp_line (start 1 -0.6) (end 1 0.6) (layer F.Fab) (width 0.1))
    (fp_line (start -1 -0.6) (end 1 -0.6) (layer F.Fab) (width 0.1))
    (fp_line (start -1 0.6) (end -1 -0.6) (layer F.Fab) (width 0.1))
    (pad 2 smd roundrect (at 1.025 0 90) (size 1.15 1.4) (layers Top F.Paste F.Mask) (roundrect_rratio 0.217391)
      (net 1 GND))
    (pad 1 smd roundrect (at -1.025 0 90) (size 1.15 1.4) (layers Top F.Paste F.Mask) (roundrect_rratio 0.217391)
      (net 2 +3.3V))
    (model ${KISYS3DMOD}/Capacitor_SMD.3dshapes/C_0805_2012Metric.wrl
      (at (xyz 0 0 0))
      (scale (xyz 1 1 1))
      (rotate (xyz 0 0 0))
    )
  )

  (module Capacitor_SMD:C_0805_2012Metric_Pad1.15x1.40mm_HandSolder (layer Top) (tedit 5CCBEB73) (tstamp 5CD84E55)
    (at 130.45 101.275)
    (descr "Capacitor SMD 0805 (2012 Metric), square (rectangular) end terminal, IPC_7351 nominal with elongated pad for handsoldering. (Body size source: https://docs.google.com/spreadsheets/d/1BsfQQcO9C6DZCsRaXUlFlo91Tg2WpOkGARC1WS5S8t0/edit?usp=sharing), generated with kicad-footprint-generator")
    (tags "capacitor handsolder")
    (path /7CF953C646744172)
    (attr smd)
    (fp_text reference C11 (at 3.05 -0.325) (layer F.SilkS)
      (effects (font (size 0.8 0.8) (thickness 0.15)))
    )
    (fp_text value 100nF (at -2.175 -1.025 90) (layer F.SilkS)
      (effects (font (size 0.8 0.8) (thickness 0.15)))
    )
    (fp_text user %R (at 0 0) (layer F.Fab)
      (effects (font (size 0.8 0.8) (thickness 0.15)))
    )
    (fp_line (start 1.85 0.95) (end -1.85 0.95) (layer F.CrtYd) (width 0.05))
    (fp_line (start 1.85 -0.95) (end 1.85 0.95) (layer F.CrtYd) (width 0.05))
    (fp_line (start -1.85 -0.95) (end 1.85 -0.95) (layer F.CrtYd) (width 0.05))
    (fp_line (start -1.85 0.95) (end -1.85 -0.95) (layer F.CrtYd) (width 0.05))
    (fp_line (start -0.261252 0.71) (end 0.261252 0.71) (layer F.SilkS) (width 0.12))
    (fp_line (start -0.261252 -0.71) (end 0.261252 -0.71) (layer F.SilkS) (width 0.12))
    (fp_line (start 1 0.6) (end -1 0.6) (layer F.Fab) (width 0.1))
    (fp_line (start 1 -0.6) (end 1 0.6) (layer F.Fab) (width 0.1))
    (fp_line (start -1 -0.6) (end 1 -0.6) (layer F.Fab) (width 0.1))
    (fp_line (start -1 0.6) (end -1 -0.6) (layer F.Fab) (width 0.1))
    (pad 2 smd roundrect (at 1.025 0) (size 1.15 1.4) (layers Top F.Paste F.Mask) (roundrect_rratio 0.217391)
      (net 1 GND))
    (pad 1 smd roundrect (at -1.025 0) (size 1.15 1.4) (layers Top F.Paste F.Mask) (roundrect_rratio 0.217391)
      (net 2 +3.3V))
    (model ${KISYS3DMOD}/Capacitor_SMD.3dshapes/C_0805_2012Metric.wrl
      (at (xyz 0 0 0))
      (scale (xyz 1 1 1))
      (rotate (xyz 0 0 0))
    )
  )

  (module Capacitor_SMD:C_0805_2012Metric_Pad1.15x1.40mm_HandSolder (layer Top) (tedit 5CCBE8D8) (tstamp 5CD84E65)
    (at 155.075 108.6 180)
    (descr "Capacitor SMD 0805 (2012 Metric), square (rectangular) end terminal, IPC_7351 nominal with elongated pad for handsoldering. (Body size source: https://docs.google.com/spreadsheets/d/1BsfQQcO9C6DZCsRaXUlFlo91Tg2WpOkGARC1WS5S8t0/edit?usp=sharing), generated with kicad-footprint-generator")
    (tags "capacitor handsolder")
    (path /1B47B8954D37E82F)
    (attr smd)
    (fp_text reference C12 (at 0 -1.65 180) (layer F.SilkS)
      (effects (font (size 0.8 0.8) (thickness 0.15)))
    )
    (fp_text value 100nF (at -0.35 1.175 180) (layer F.SilkS)
      (effects (font (size 0.8 0.8) (thickness 0.15)))
    )
    (fp_line (start -1 0.6) (end -1 -0.6) (layer F.Fab) (width 0.1))
    (fp_line (start -1 -0.6) (end 1 -0.6) (layer F.Fab) (width 0.1))
    (fp_line (start 1 -0.6) (end 1 0.6) (layer F.Fab) (width 0.1))
    (fp_line (start 1 0.6) (end -1 0.6) (layer F.Fab) (width 0.1))
    (fp_line (start -0.261252 -0.71) (end 0.261252 -0.71) (layer F.SilkS) (width 0.12))
    (fp_line (start -0.261252 0.71) (end 0.261252 0.71) (layer F.SilkS) (width 0.12))
    (fp_line (start -1.85 0.95) (end -1.85 -0.95) (layer F.CrtYd) (width 0.05))
    (fp_line (start -1.85 -0.95) (end 1.85 -0.95) (layer F.CrtYd) (width 0.05))
    (fp_line (start 1.85 -0.95) (end 1.85 0.95) (layer F.CrtYd) (width 0.05))
    (fp_line (start 1.85 0.95) (end -1.85 0.95) (layer F.CrtYd) (width 0.05))
    (fp_text user %R (at 0 0 180) (layer F.Fab)
      (effects (font (size 0.8 0.8) (thickness 0.15)))
    )
    (pad 1 smd roundrect (at -1.025 0 180) (size 1.15 1.4) (layers Top F.Paste F.Mask) (roundrect_rratio 0.217391)
      (net 16 /TGT_NRESET))
    (pad 2 smd roundrect (at 1.025 0 180) (size 1.15 1.4) (layers Top F.Paste F.Mask) (roundrect_rratio 0.217391)
      (net 1 GND))
    (model ${KISYS3DMOD}/Capacitor_SMD.3dshapes/C_0805_2012Metric.wrl
      (at (xyz 0 0 0))
      (scale (xyz 1 1 1))
      (rotate (xyz 0 0 0))
    )
  )

  (module Capacitor_SMD:C_0805_2012Metric_Pad1.15x1.40mm_HandSolder (layer Top) (tedit 5CCBEB04) (tstamp 5CD84E75)
    (at 126.075 103.552 180)
    (descr "Capacitor SMD 0805 (2012 Metric), square (rectangular) end terminal, IPC_7351 nominal with elongated pad for handsoldering. (Body size source: https://docs.google.com/spreadsheets/d/1BsfQQcO9C6DZCsRaXUlFlo91Tg2WpOkGARC1WS5S8t0/edit?usp=sharing), generated with kicad-footprint-generator")
    (tags "capacitor handsolder")
    (path /46967C22EC8D3AE2)
    (attr smd)
    (fp_text reference C13 (at 1.2 1.502 180) (layer F.SilkS)
      (effects (font (size 0.8 0.8) (thickness 0.15)))
    )
    (fp_text value 18pF (at 2.5 -0.023 270) (layer F.SilkS)
      (effects (font (size 0.8 0.8) (thickness 0.15)))
    )
    (fp_line (start -1 0.6) (end -1 -0.6) (layer F.Fab) (width 0.1))
    (fp_line (start -1 -0.6) (end 1 -0.6) (layer F.Fab) (width 0.1))
    (fp_line (start 1 -0.6) (end 1 0.6) (layer F.Fab) (width 0.1))
    (fp_line (start 1 0.6) (end -1 0.6) (layer F.Fab) (width 0.1))
    (fp_line (start -0.261252 -0.71) (end 0.261252 -0.71) (layer F.SilkS) (width 0.12))
    (fp_line (start -0.261252 0.71) (end 0.261252 0.71) (layer F.SilkS) (width 0.12))
    (fp_line (start -1.85 0.95) (end -1.85 -0.95) (layer F.CrtYd) (width 0.05))
    (fp_line (start -1.85 -0.95) (end 1.85 -0.95) (layer F.CrtYd) (width 0.05))
    (fp_line (start 1.85 -0.95) (end 1.85 0.95) (layer F.CrtYd) (width 0.05))
    (fp_line (start 1.85 0.95) (end -1.85 0.95) (layer F.CrtYd) (width 0.05))
    (fp_text user %R (at 0 0 180) (layer F.Fab)
      (effects (font (size 0.8 0.8) (thickness 0.15)))
    )
    (pad 1 smd roundrect (at -1.025 0 180) (size 1.15 1.4) (layers Top F.Paste F.Mask) (roundrect_rratio 0.217391)
      (net 28 "Net-(C13-Pad1)"))
    (pad 2 smd roundrect (at 1.025 0 180) (size 1.15 1.4) (layers Top F.Paste F.Mask) (roundrect_rratio 0.217391)
      (net 1 GND))
    (model ${KISYS3DMOD}/Capacitor_SMD.3dshapes/C_0805_2012Metric.wrl
      (at (xyz 0 0 0))
      (scale (xyz 1 1 1))
      (rotate (xyz 0 0 0))
    )
  )

  (module Capacitor_SMD:C_0805_2012Metric_Pad1.15x1.40mm_HandSolder (layer Top) (tedit 5CCBEA87) (tstamp 5CD84E85)
    (at 126.075 109.275 180)
